0af_jpg.rf.26698e27404e12f9aac8f352072b1943.jpg 57,92,103,188,1 105,45,140,109,5 129,299,171,371,2 103,218,133,268,3 175,126,203,179,3 173,201,207,270,0 238,23,271,93,0 316,108,363,209,7 259,203,290,256,9 195,21,233,102,10 301,14,341,86,8 169,1,200,64,6 339,227,381,299,6
d9a_jpg.rf.09930640e39bf48a6b52c2569242a279.jpg 252,277,291,370,1 334,303,372,369,5 222,101,255,183,4 263,83,289,134,3 192,123,216,171,3 240,209,268,264,3 117,135,154,223,7 155,121,180,172,9 83,15,111,63,9 79,266,109,317,9
c78_jpg.rf.2194d3719137c49a87b5db3373c4bff3.jpg 240,76,266,138,2
a97_jpg.rf.406dd4eb8a5cf2f7360aa7f57ef05736.jpg 365,126,401,212,4 354,76,390,164,1 354,61,386,121,2 376,208,413,266,2 347,14,372,80,0 382,260,414,324,0 337,0,364,41,5 393,325,416,389,5 345,330,374,384,3 333,260,364,314,3 323,212,350,262,3 322,157,348,206,3 319,116,343,164,3 316,77,339,126,3 308,34,328,81,3 305,0,326,41,3 65,88,97,172,10 55,122,91,218,7 62,62,94,118,8 56,205,88,270,8 71,11,98,77,6 48,262,80,330,6 77,0,104,43,11 42,333,76,400,11 113,0,137,40,9 116,29,138,79,9 110,71,132,121,9 110,112,134,159,9 109,159,135,211,9 105,214,131,266,9 100,272,127,326,9 95,338,127,392,9
f9a_jpg.rf.4e0b38f0ee5f47d175df1c309f331f17.jpg 310,70,345,160,1 239,22,263,86,0 229,0,255,48,5 203,64,231,118,5 169,64,195,122,2 163,41,186,87,3 280,110,302,158,3 244,196,267,248,3 302,303,328,355,3 214,250,240,305,3 168,291,200,364,2 41,118,79,209,7 62,1,90,51,11 75,296,111,368,8 125,10,155,90,10 57,19,83,81,6 133,140,159,204,6 199,29,223,78,9 96,32,122,82,9 91,108,114,156,9 88,152,115,201,9 133,204,160,258,9
bc5_jpg.rf.29e2a8b775d419e0d7961a2fd1326f9c.jpg 143,1,167,44,5 32,284,67,349,5 50,108,85,198,1 138,79,168,161,4 98,143,122,193,3 107,66,129,113,3 113,31,134,74,3 175,1,197,41,3 133,189,154,238,3 179,99,201,146,3 146,18,167,76,2 207,130,239,194,2 210,223,241,288,6 325,101,362,192,7 242,80,272,156,10 243,43,269,104,8 331,218,369,287,8 295,285,328,347,11 312,0,340,36,11 293,235,317,285,9 279,0,304,36,9 278,59,305,106,9 214,95,237,144,9 210,289,239,344,9
1be_jpg.rf.1988a64dadc2d43cd56279cb486cdbe5.jpg 329,99,379,207,1 298,237,329,298,3 213,287,246,346,3 214,1,251,71,6 41,131,90,234,7 126,228,158,289,9 174,271,208,352,0 142,33,173,105,0
ce5_jpg.rf.8a507ef967f4c3a5b406548acd9aab49.jpg 228,70,268,150,4 167,131,203,194,2 173,214,209,282,6 128,80,163,158,10 54,221,92,293,8 87,112,128,199,7 55,11,86,52,11 96,285,137,348,11 98,237,129,285,9 97,67,125,114,9 90,8,119,47,9 167,99,191,144,9 184,280,216,333,9 191,0,219,42,3 265,58,293,107,3 255,22,281,68,3 198,95,226,142,3 250,175,280,228,3 280,130,307,181,3 310,90,353,182,1 346,259,387,324,5
f9a_jpg.rf.6393bfbf6c0a3b3fcfb0ceaeaab7c7be.jpg 53,80,93,172,1 133,28,161,93,0 140,2,169,55,5 167,68,198,124,5 203,66,232,126,2 211,43,236,91,3 99,118,123,167,3 137,203,163,256,3 82,313,111,366,3 168,255,197,311,3 210,294,246,369,2 323,114,365,207,7 304,0,338,50,11 299,294,339,367,8 241,9,275,91,10 313,15,342,79,6 244,141,274,206,6 173,34,199,84,9 275,31,303,83,9 287,106,313,156,9 288,150,318,200,9 246,205,276,260,9
1be_jpg.rf.24c456c58bdbb16a82a1de4f73684bd7.jpg 70,64,121,168,1 122,194,153,254,3 203,240,237,297,3 190,0,227,36,6 346,85,396,185,7 286,180,318,240,9 239,223,275,302,0 264,0,297,65,0
0af_jpg.rf.d53e5518805bf3391e453f9a477e55f0.jpg 309,67,356,173,1 263,17,299,88,5 243,304,287,384,2 279,211,310,265,3 196,111,224,169,3 197,196,231,273,0 113,0,148,77,0 16,100,64,211,7 102,203,134,262,9 156,0,197,87,10 33,0,76,74,8 192,0,223,40,6 2,236,45,315,6
a97_jpg.rf.b6b0393b5dfa543c4530432e65bed6bd.jpg 312,130,348,206,4 301,86,337,165,1 300,74,331,127,2 326,199,361,252,2 291,32,316,91,0 333,246,364,303,0 281,4,307,58,5 346,302,381,359,5 304,309,332,358,3 291,248,320,297,3 279,206,305,251,3 276,159,301,203,3 272,123,295,166,3 267,89,289,133,3 258,52,278,94,3 254,15,274,59,3 48,109,79,184,10 42,140,77,226,7 45,87,75,138,8 46,213,77,271,8 50,42,77,101,6 41,262,73,323,6 54,19,80,71,11 39,325,73,385,11 87,23,108,66,9 90,57,112,101,9 87,94,109,138,9 89,129,113,171,9 90,170,115,217,9 89,218,114,265,9 88,269,114,318,9 86,328,116,376,9
d9a_jpg.rf.b708a8aa4610642b0ffbfaf6e12daf4b.jpg 125,270,166,364,1 45,301,85,368,5 152,91,186,174,4 117,76,144,127,3 192,112,217,161,3 145,201,174,257,3 256,120,295,209,7 228,109,254,160,9 291,0,321,47,9 307,250,338,302,9
1be_jpg.rf.8353b7a143f05cb0572ed55be8c4d5cd.jpg 39,30,87,136,1 77,170,107,230,3 156,226,188,284,3 322,86,369,187,7 249,176,279,236,9 194,213,227,293,0 249,2,280,55,0
55b_jpg.rf.2aa450d964a08137df133f1f202a59fb.jpg 70,0,109,75,10 53,62,94,159,1 290,3,320,42,5 205,143,238,214,6 211,99,243,164,11 331,72,371,170,7 291,32,316,83,9 291,111,322,163,9 242,210,273,267,9 251,154,279,212,3 158,253,186,311,3 142,107,170,162,3
d9a_jpg.rf.9bf56b57aeef323a4b57c0c36fd501ac.jpg 128,267,171,360,1 51,300,92,366,5 148,92,184,173,4 114,78,142,129,3 188,111,214,159,3 145,199,175,254,3 251,116,292,204,7 224,107,251,158,9 282,0,313,45,9 306,241,338,293,9
bc5_jpg.rf.98ee5fc21de19663279c3e80b7f52baa.jpg 126,4,152,57,5 27,306,66,374,5 37,126,77,219,1 124,92,159,176,4 86,160,113,212,3 92,81,117,129,3 96,44,119,89,3 158,3,183,52,3 125,205,149,256,3 167,111,192,159,3 130,30,154,90,2 198,141,233,207,2 205,235,240,302,6 316,105,358,199,7 231,87,265,166,10 229,50,258,113,8 328,223,370,295,8 294,294,331,358,11 297,0,328,40,11 291,242,317,294,9 262,0,290,43,9 265,64,295,114,9 202,105,228,156,9 209,301,241,359,9
ce5_jpg.rf.874a4dfd96d37c44b828e4a638074f1a.jpg 136,76,171,155,4 206,129,239,192,2 210,215,241,282,6 243,75,273,152,10 328,209,362,280,8 282,104,317,190,7 308,0,338,37,11 289,278,327,340,11 290,230,318,277,9 277,58,303,104,9 276,0,303,36,9 214,97,235,141,9 208,282,237,334,9 175,1,200,41,3 107,67,132,115,3 115,30,138,75,3 177,97,202,143,3 133,183,159,235,3 101,141,125,191,3 53,105,90,196,1 35,278,73,342,5
c78_jpg.rf.8cce539e7cdb00ce12490e3359150e15.jpg 239,68,265,126,2
f9a_jpg.rf.c5addd4eb14b567472496c47c78bd9bd.jpg 298,47,340,144,1 219,0,249,69,0 208,0,239,30,5 183,47,216,106,5 149,48,179,111,2 140,24,167,75,3 268,92,294,143,3 235,185,262,241,3 302,294,333,350,3 206,243,237,303,3 159,288,197,367,2 16,113,60,211,7 32,7,64,42,11 62,299,103,376,8 99,4,135,81,10 28,8,59,75,6 114,131,145,200,6 178,10,206,63,9 70,18,100,73,9 68,99,95,151,9 68,146,99,199,9 118,199,149,257,9
c78_jpg.rf.7864c1c20b153a0c06e16b6caff30f54.jpg 138,81,165,143,2
bc5_jpg.rf.9722d602841f12a13f9950eff9089c21.jpg 266,6,293,59,5 346,306,385,374,5 337,129,378,221,1 257,93,293,177,4 301,161,329,213,3 299,83,324,131,3 297,47,321,92,3 235,5,260,54,3 266,205,291,256,3 225,112,250,160,3 264,32,288,91,2 183,141,219,206,2 175,233,210,299,6 60,102,103,195,7 152,87,188,166,10 160,50,190,112,8 47,220,90,291,8 83,289,121,353,11 92,0,125,40,11 98,239,125,291,9 129,0,157,42,9 123,64,154,114,9 189,105,216,156,9 172,299,205,357,9
a97_jpg.rf.e58f3acaf725c446a61dfeabbc433149.jpg 320,128,352,202,4 310,85,342,161,1 311,72,339,124,2 330,198,362,249,2 304,30,326,88,0 335,244,363,300,0 295,1,318,53,5 344,301,376,356,5 303,304,328,352,3 293,244,319,292,3 284,202,308,246,3 283,155,305,197,3 280,119,300,161,3 277,85,297,127,3 270,48,288,89,3 268,11,286,53,3 60,94,88,167,10 52,124,82,207,7 58,72,86,121,8 53,197,81,253,8 66,27,90,85,6 45,246,73,305,6 71,4,94,55,11 40,307,70,365,11 103,10,122,52,9 104,43,124,87,9 99,80,119,124,9 99,116,120,157,9 98,157,120,202,9 95,204,117,249,9 91,254,115,302,9 86,313,114,359,9
ce5_jpg.rf.e9ab20592447fb659c8bf58250e7ac67.jpg 242,79,281,160,4 172,129,208,193,2 165,215,200,283,6 140,73,174,151,10 44,202,81,275,8 94,99,134,187,7 80,0,112,32,11 76,274,117,338,11 88,225,119,274,9 113,54,141,102,9 116,0,145,33,9 178,97,202,143,9 166,282,198,336,9 219,1,246,44,3 284,72,311,121,3 279,34,305,80,3 211,97,239,145,3 250,187,279,241,3 287,147,314,199,3 321,112,363,205,1 331,288,372,353,5
55b_jpg.rf.ef2e6dcc020333e9a4b9eded1c9cb47e.jpg 88,17,120,90,10 71,81,108,171,1 293,3,320,56,5 215,154,245,220,6 219,113,248,173,11 333,85,369,176,7 293,48,316,96,9 295,122,323,170,9 250,217,278,270,9 259,164,284,218,3 172,258,198,312,3 155,121,180,172,3
55b_jpg.rf.9e4928fc6385f5fc60af2db3f368197a.jpg 70,6,107,83,10 57,72,99,168,1 284,0,316,33,5 213,138,247,209,6 216,95,248,159,11 333,58,374,155,7 287,22,313,73,9 295,99,327,151,9 255,202,286,258,9 260,146,288,204,3 176,250,205,308,3 148,109,176,164,3
0af_jpg.rf.b494bcb3456ccebe22b045ff1c5568ee.jpg 78,77,122,179,1 134,29,168,98,5 142,308,183,385,2 120,217,149,269,3 206,122,232,178,3 197,204,229,278,0 282,14,313,89,0 360,114,405,222,7 291,212,321,268,9 235,9,271,96,10 351,11,390,87,8 209,0,238,51,6 376,245,415,322,6